start_datetime,end_datetime,time,per,perlen,nstp,tsmult,steady,oc,parent_sp
1998-04-01,1998-04-01,1.0,0,1.0,1,1.0,True,"['save head last', 'save budget last']",0
1998-04-01,2007-04-01,3288.0,1,3287.0,10,1.5,False,"['save head last', 'save budget last']",1
2007-04-01,2007-05-01,3318.0,2,30.0,1,1.5,False,"['save head last', 'save budget last']",2
2007-05-01,2007-06-01,3349.0,3,31.0,1,1.5,False,"['save head last', 'save budget last']",3
2007-06-01,2007-07-01,3379.0,4,30.0,1,1.5,False,"['save head last', 'save budget last']",4
2007-07-01,2007-08-01,3410.0,5,31.0,1,1.5,False,"['save head last', 'save budget last']",5
2007-08-01,2007-09-01,3441.0,6,31.0,1,1.5,False,"['save head last', 'save budget last']",6
2007-09-01,2007-10-01,3471.0,7,30.0,1,1.5,False,"['save head last', 'save budget last']",7
2007-10-01,2007-11-01,3502.0,8,31.0,1,1.5,False,"['save head last', 'save budget last']",8
2007-11-01,2007-12-01,3532.0,9,30.0,1,1.5,False,"['save head last', 'save budget last']",9
2007-12-01,2008-01-01,3563.0,10,31.0,1,1.5,False,"['save head last', 'save budget last']",10
2008-01-01,2008-02-01,3594.0,11,31.0,1,1.5,False,"['save head last', 'save budget last']",11
2008-02-01,2008-03-01,3623.0,12,29.0,1,1.5,False,"['save head last', 'save budget last']",12
2008-03-01,2008-04-01,3654.0,13,31.0,1,1.5,False,"['save head last', 'save budget last']",13
2008-04-01,2008-05-01,3684.0,14,30.0,1,1.5,False,"['save head last', 'save budget last']",14
2008-05-01,2008-06-01,3715.0,15,31.0,1,1.5,False,"['save head last', 'save budget last']",15
2008-06-01,2008-07-01,3745.0,16,30.0,1,1.5,False,"['save head last', 'save budget last']",16
2008-07-01,2008-08-01,3776.0,17,31.0,1,1.5,False,"['save head last', 'save budget last']",17
2008-08-01,2008-09-01,3807.0,18,31.0,1,1.5,False,"['save head last', 'save budget last']",18
2008-09-01,2008-10-01,3837.0,19,30.0,1,1.5,False,"['save head last', 'save budget last']",19
2008-10-01,2008-11-01,3868.0,20,31.0,1,1.5,False,"['save head last', 'save budget last']",20
2008-11-01,2008-12-01,3898.0,21,30.0,1,1.5,False,"['save head last', 'save budget last']",21
2008-12-01,2009-01-01,3929.0,22,31.0,1,1.5,False,"['save head last', 'save budget last']",22
2009-01-01,2009-02-01,3960.0,23,31.0,1,1.5,False,"['save head last', 'save budget last']",23
2009-02-01,2009-03-01,3988.0,24,28.0,1,1.5,False,"['save head last', 'save budget last']",24
2009-03-01,2009-04-01,4019.0,25,31.0,1,1.5,False,"['save head last', 'save budget last']",25
2009-04-01,2009-05-01,4049.0,26,30.0,1,1.5,False,"['save head last', 'save budget last']",26
2009-05-01,2009-06-01,4080.0,27,31.0,1,1.5,False,"['save head last', 'save budget last']",27
2009-06-01,2009-07-01,4110.0,28,30.0,1,1.5,False,"['save head last', 'save budget last']",28
2009-07-01,2009-08-01,4141.0,29,31.0,1,1.5,False,"['save head last', 'save budget last']",29
2009-08-01,2009-09-01,4172.0,30,31.0,1,1.5,False,"['save head last', 'save budget last']",30
2009-09-01,2009-10-01,4202.0,31,30.0,1,1.5,False,"['save head last', 'save budget last']",31
2009-10-01,2009-11-01,4233.0,32,31.0,1,1.5,False,"['save head last', 'save budget last']",32
2009-11-01,2009-12-01,4263.0,33,30.0,1,1.5,False,"['save head last', 'save budget last']",33
2009-12-01,2010-01-01,4294.0,34,31.0,1,1.5,False,"['save head last', 'save budget last']",34
2010-01-01,2010-02-01,4325.0,35,31.0,1,1.5,False,"['save head last', 'save budget last']",35
2010-02-01,2010-03-01,4353.0,36,28.0,1,1.5,False,"['save head last', 'save budget last']",36
2010-03-01,2010-04-01,4384.0,37,31.0,1,1.5,False,"['save head last', 'save budget last']",37
2010-04-01,2010-05-01,4414.0,38,30.0,1,1.5,False,"['save head last', 'save budget last']",38
2010-05-01,2010-06-01,4445.0,39,31.0,1,1.5,False,"['save head last', 'save budget last']",39
2010-06-01,2010-07-01,4475.0,40,30.0,1,1.5,False,"['save head last', 'save budget last']",40
2010-07-01,2010-08-01,4506.0,41,31.0,1,1.5,False,"['save head last', 'save budget last']",41
2010-08-01,2010-09-01,4537.0,42,31.0,1,1.5,False,"['save head last', 'save budget last']",42
2010-09-01,2010-10-01,4567.0,43,30.0,1,1.5,False,"['save head last', 'save budget last']",43
2010-10-01,2010-11-01,4598.0,44,31.0,1,1.5,False,"['save head last', 'save budget last']",44
2010-11-01,2010-12-01,4628.0,45,30.0,1,1.5,False,"['save head last', 'save budget last']",45
2010-12-01,2011-01-01,4659.0,46,31.0,1,1.5,False,"['save head last', 'save budget last']",46
2011-01-01,2011-02-01,4690.0,47,31.0,1,1.5,False,"['save head last', 'save budget last']",47
2011-02-01,2011-03-01,4718.0,48,28.0,1,1.5,False,"['save head last', 'save budget last']",48
2011-03-01,2011-04-01,4749.0,49,31.0,1,1.5,False,"['save head last', 'save budget last']",49
2011-04-01,2011-05-01,4779.0,50,30.0,1,1.5,False,"['save head last', 'save budget last']",50
2011-05-01,2011-06-01,4810.0,51,31.0,1,1.5,False,"['save head last', 'save budget last']",51
2011-06-01,2011-07-01,4840.0,52,30.0,1,1.5,False,"['save head last', 'save budget last']",52
2011-07-01,2011-08-01,4871.0,53,31.0,1,1.5,False,"['save head last', 'save budget last']",53
2011-08-01,2011-09-01,4902.0,54,31.0,1,1.5,False,"['save head last', 'save budget last']",54
2011-09-01,2011-10-01,4932.0,55,30.0,1,1.5,False,"['save head last', 'save budget last']",55
2011-10-01,2011-11-01,4963.0,56,31.0,1,1.5,False,"['save head last', 'save budget last']",56
2011-11-01,2011-12-01,4993.0,57,30.0,1,1.5,False,"['save head last', 'save budget last']",57
2011-12-01,2012-01-01,5024.0,58,31.0,1,1.5,False,"['save head last', 'save budget last']",58
2012-01-01,2012-02-01,5055.0,59,31.0,1,1.5,False,"['save head last', 'save budget last']",59
2012-02-01,2012-03-01,5084.0,60,29.0,1,1.5,False,"['save head last', 'save budget last']",60
2012-03-01,2012-04-01,5115.0,61,31.0,1,1.5,False,"['save head last', 'save budget last']",61
2012-04-01,2012-05-01,5145.0,62,30.0,1,1.5,False,"['save head last', 'save budget last']",62
2012-05-01,2012-06-01,5176.0,63,31.0,1,1.5,False,"['save head last', 'save budget last']",63
2012-06-01,2012-07-01,5206.0,64,30.0,1,1.5,False,"['save head last', 'save budget last']",64
2012-07-01,2012-08-01,5237.0,65,31.0,1,1.5,False,"['save head last', 'save budget last']",65
2012-08-01,2012-09-01,5268.0,66,31.0,1,1.5,False,"['save head last', 'save budget last']",66
2012-09-01,2012-10-01,5298.0,67,30.0,1,1.5,False,"['save head last', 'save budget last']",67
2012-10-01,2012-11-01,5329.0,68,31.0,1,1.5,False,"['save head last', 'save budget last']",68
2012-11-01,2012-12-01,5359.0,69,30.0,1,1.5,False,"['save head last', 'save budget last']",69
2012-12-01,2013-01-01,5390.0,70,31.0,1,1.5,False,"['save head last', 'save budget last']",70
2013-01-01,2013-02-01,5421.0,71,31.0,1,1.5,False,"['save head last', 'save budget last']",71
2013-02-01,2013-03-01,5449.0,72,28.0,1,1.5,False,"['save head last', 'save budget last']",72
2013-03-01,2013-04-01,5480.0,73,31.0,1,1.5,False,"['save head last', 'save budget last']",73
2013-04-01,2013-05-01,5510.0,74,30.0,1,1.5,False,"['save head last', 'save budget last']",74
2013-05-01,2013-06-01,5541.0,75,31.0,1,1.5,False,"['save head last', 'save budget last']",75
2013-06-01,2013-07-01,5571.0,76,30.0,1,1.5,False,"['save head last', 'save budget last']",76
2013-07-01,2013-08-01,5602.0,77,31.0,1,1.5,False,"['save head last', 'save budget last']",77
2013-08-01,2013-09-01,5633.0,78,31.0,1,1.5,False,"['save head last', 'save budget last']",78
2013-09-01,2013-10-01,5663.0,79,30.0,1,1.5,False,"['save head last', 'save budget last']",79
2013-10-01,2013-11-01,5694.0,80,31.0,1,1.5,False,"['save head last', 'save budget last']",80
2013-11-01,2013-12-01,5724.0,81,30.0,1,1.5,False,"['save head last', 'save budget last']",81
2013-12-01,2014-01-01,5755.0,82,31.0,1,1.5,False,"['save head last', 'save budget last']",82
2014-01-01,2014-02-01,5786.0,83,31.0,1,1.5,False,"['save head last', 'save budget last']",83
2014-02-01,2014-03-01,5814.0,84,28.0,1,1.5,False,"['save head last', 'save budget last']",84
2014-03-01,2014-04-01,5845.0,85,31.0,1,1.5,False,"['save head last', 'save budget last']",85
2014-04-01,2014-05-01,5875.0,86,30.0,1,1.5,False,"['save head last', 'save budget last']",86
2014-05-01,2014-06-01,5906.0,87,31.0,1,1.5,False,"['save head last', 'save budget last']",87
2014-06-01,2014-07-01,5936.0,88,30.0,1,1.5,False,"['save head last', 'save budget last']",88
2014-07-01,2014-08-01,5967.0,89,31.0,1,1.5,False,"['save head last', 'save budget last']",89
2014-08-01,2014-09-01,5998.0,90,31.0,1,1.5,False,"['save head last', 'save budget last']",90
2014-09-01,2014-10-01,6028.0,91,30.0,1,1.5,False,"['save head last', 'save budget last']",91
2014-10-01,2014-11-01,6059.0,92,31.0,1,1.5,False,"['save head last', 'save budget last']",92
2014-11-01,2014-12-01,6089.0,93,30.0,1,1.5,False,"['save head last', 'save budget last']",93
2014-12-01,2015-01-01,6120.0,94,31.0,1,1.5,False,"['save head last', 'save budget last']",94
2015-01-01,2015-02-01,6151.0,95,31.0,1,1.5,False,"['save head last', 'save budget last']",95
2015-02-01,2015-03-01,6179.0,96,28.0,1,1.5,False,"['save head last', 'save budget last']",96
2015-03-01,2015-04-01,6210.0,97,31.0,1,1.5,False,"['save head last', 'save budget last']",97
2015-04-01,2015-05-01,6240.0,98,30.0,1,1.5,False,"['save head last', 'save budget last']",98
2015-05-01,2015-06-01,6271.0,99,31.0,1,1.5,False,"['save head last', 'save budget last']",99
2015-06-01,2015-07-01,6301.0,100,30.0,1,1.5,False,"['save head last', 'save budget last']",100
2015-07-01,2015-08-01,6332.0,101,31.0,1,1.5,False,"['save head last', 'save budget last']",101
2015-08-01,2015-09-01,6363.0,102,31.0,1,1.5,False,"['save head last', 'save budget last']",102
2015-09-01,2015-10-01,6393.0,103,30.0,1,1.5,False,"['save head last', 'save budget last']",103
2015-10-01,2015-11-01,6424.0,104,31.0,1,1.5,False,"['save head last', 'save budget last']",104
2015-11-01,2015-12-01,6454.0,105,30.0,1,1.5,False,"['save head last', 'save budget last']",105
2015-12-01,2016-01-01,6485.0,106,31.0,1,1.5,False,"['save head last', 'save budget last']",106
2016-01-01,2016-02-01,6516.0,107,31.0,1,1.5,False,"['save head last', 'save budget last']",107
2016-02-01,2016-03-01,6545.0,108,29.0,1,1.5,False,"['save head last', 'save budget last']",108
2016-03-01,2016-04-01,6576.0,109,31.0,1,1.5,False,"['save head last', 'save budget last']",109
2016-04-01,2016-05-01,6606.0,110,30.0,1,1.5,False,"['save head last', 'save budget last']",110
2016-05-01,2016-06-01,6637.0,111,31.0,1,1.5,False,"['save head last', 'save budget last']",111
2016-06-01,2016-07-01,6667.0,112,30.0,1,1.5,False,"['save head last', 'save budget last']",112
2016-07-01,2016-08-01,6698.0,113,31.0,1,1.5,False,"['save head last', 'save budget last']",113
2016-08-01,2016-09-01,6729.0,114,31.0,1,1.5,False,"['save head last', 'save budget last']",114
2016-09-01,2016-10-01,6759.0,115,30.0,1,1.5,False,"['save head last', 'save budget last']",115
2016-10-01,2016-11-01,6790.0,116,31.0,1,1.5,False,"['save head last', 'save budget last']",116
2016-11-01,2016-12-01,6820.0,117,30.0,1,1.5,False,"['save head last', 'save budget last']",117
2016-12-01,2017-01-01,6851.0,118,31.0,1,1.5,False,"['save head last', 'save budget last']",118
2017-01-01,2017-02-01,6882.0,119,31.0,1,1.5,False,"['save head last', 'save budget last']",119
2017-02-01,2017-03-01,6910.0,120,28.0,1,1.5,False,"['save head last', 'save budget last']",120
2017-03-01,2017-04-01,6941.0,121,31.0,1,1.5,False,"['save head last', 'save budget last']",121
2017-04-01,2017-05-01,6971.0,122,30.0,1,1.5,False,"['save head last', 'save budget last']",122
2017-05-01,2017-06-01,7002.0,123,31.0,1,1.5,False,"['save head last', 'save budget last']",123
2017-06-01,2017-07-01,7032.0,124,30.0,1,1.5,False,"['save head last', 'save budget last']",124
2017-07-01,2017-08-01,7063.0,125,31.0,1,1.5,False,"['save head last', 'save budget last']",125
2017-08-01,2017-09-01,7094.0,126,31.0,1,1.5,False,"['save head last', 'save budget last']",126
2017-09-01,2017-10-01,7124.0,127,30.0,1,1.5,False,"['save head last', 'save budget last']",127
2017-10-01,2017-11-01,7155.0,128,31.0,1,1.5,False,"['save head last', 'save budget last']",128
2017-11-01,2017-12-01,7185.0,129,30.0,1,1.5,False,"['save head last', 'save budget last']",129
2017-12-01,2018-01-01,7216.0,130,31.0,1,1.5,False,"['save head last', 'save budget last']",130
2018-01-01,2018-02-01,7247.0,131,31.0,1,1.5,False,"['save head last', 'save budget last']",131
2018-02-01,2018-03-01,7275.0,132,28.0,1,1.5,False,"['save head last', 'save budget last']",132
2018-03-01,2018-04-01,7306.0,133,31.0,1,1.5,False,"['save head last', 'save budget last']",133
2018-04-01,2018-05-01,7336.0,134,30.0,1,1.5,False,"['save head last', 'save budget last']",134
2018-05-01,2018-06-01,7367.0,135,31.0,1,1.5,False,"['save head last', 'save budget last']",135
2018-06-01,2018-07-01,7397.0,136,30.0,1,1.5,False,"['save head last', 'save budget last']",136
2018-07-01,2018-08-01,7428.0,137,31.0,1,1.5,False,"['save head last', 'save budget last']",137
2018-08-01,2018-09-01,7459.0,138,31.0,1,1.5,False,"['save head last', 'save budget last']",138
2018-09-01,2018-10-01,7489.0,139,30.0,1,1.5,False,"['save head last', 'save budget last']",139
2018-10-01,2018-11-01,7520.0,140,31.0,1,1.5,False,"['save head last', 'save budget last']",140
2018-11-01,2018-12-01,7550.0,141,30.0,1,1.5,False,"['save head last', 'save budget last']",141
2018-12-01,2019-01-01,7581.0,142,31.0,1,1.5,False,"['save head last', 'save budget last']",142
